69267
75496
75500
76025
76717
76721
76723
76725
76729
76731
76732
76737
76739
76742
76744
76746
76816
76820
76825
80616
81321
83485
83487
84201
84203
84232
84258
84271
84277
84326
84329
84460
84464
85908
86107
86780
86819
86822
86891
87081
87334
87533
87546
87547
87550
87656
87766
87767
87796
87797
87798
87799
87800
88332
88826
89463
90383
91029
91147
91240
91267
91515
91520
93102
93814
93815
93905
93914
93934
94122
94359
95039
95331
95332
95333
95334
95653
96510
97015
97022
133145
133164
133744
133752
137356
141009
141032
143592
143594
143598
143599
143603
143607
143608
145329
145334
145390
145550
145610
145918
145923
147546
147560
147662
148199
148201
148203
148215
148219
148221
148223
148233
148258
148265
148266
148269
148272
148276
148284
148304
148308
148394
149347
149439
151267
151364
151365
151367
151368
151575
151577
151578
151579
151594
151595
151596
151612
151614
151643
151646
151652
151717
151735
151737
151935
152692
152713
152769
152849
152861
152863
152864
153124
154946
154956
155060
155067
155227
155234
155239
155332
155339
155516
155523
155621
155634
155639
155661
155757
155776
155805
155829
156174
160295
160311
160403
160424
160457
160469
160470
160471
160489
160490
160491
160501
160506
160509
160511
160513
160514
160515
160516
160524
160533
160534
160542
160571
161136
161139
161153
161160
161163
161166
161168
161170
161178
161183
161191
161214
161223
161242
161247
161266
161292
161356
161358
161412
161413
161415
161424
161430
161436
161438
161443
161445
161734
161770
161773
161781
161918
161926
161929
161930
161932
161938
161940
161973
161976
162025
162049
162056
162123
162140
162179
162304
162311
162334
162375
162398
162421
162423
162449
162488
162530
162531
162538
162551
162554
162557
162560
162585
162589
162590
162591
162593
162600
162604
162605
162646
162655
162656
162657
162658
162659
162660
162661
162662
162663
162664
162666
162667
162753
162755
162756
162759
162775
162786
162790
162812
162813
162814
162815
162917
162919
162926
162927
162929
162935
162947
162989
162992
162997
163006
163015
163018
163028
163053
163054
163055
163057
163058
163059
163060
163061
163062
163064
163065
163069
163070
163072
163073
163076
163081
163082
163083
163084
163085
163087
163203
163204
163206
163219
163287
163288
163289
163379
163381
163383
163384
163386
163387
163446
163447
163541
163687
163691
163693
163714
163753
163754
163763
163766
163767
163814
163819
163820
163824
163830
163836
163853
163855
163869
163926
163933
163961
163965
163966
163968
163969
163976
163993
163998
164065
164143
164166
164170
164172
164175
164177
164186
164202
164208
164220
164223
164224
164233
164246
164248
164250
164255
165028
165397
165402
165403
165408
165410
165412
165413
165429
165432
165445
165448
165454
165544
165547
165548
165549
165717
165754
168727
169604
169610
169625
169631
169670
169671
169677
169684
169686
169827
169972
169979
169980
169982
169983
169984
170004
170030
170032
170037
170038
170097
170118
170123
170166
170168
170169
170170
170172
170173
170175
170181
170187
170190
170192
170198
170283
170284
170285
170286
170287
170288
170289
170290
170291
170292
170294
170295
170296
170298
170299
170300
170301
170302
170303
170309
170311
170313
171038
171275
171277
171449
171535
171541
171542
171549
171553
171647
171648
176559
176629
176636
176657
176673
176690
176693
176705
176746
176773
176809
176814
176818
177009
177246
177249
177288
177333
177383
177445
177448
177490
177611
177761
177765
177813
177824
177828
177876
177879
177885
177886
177887
177888
177889
178060
178065
178072
178082
178163
178196
178408
178415
178417
178419
178426
178482
178492
178493
179684
179693
179696
179699
179704
179710
179797
179830
179832
179836
180142
180266
180389
180416
180880
180901
180958
181319
183298
183371
184432
184441
185005
185272
185917
186734
187760
187917
188063
188068
188186
188439
189286
189526
190447
190773
190786
191612
191624
192380
192381
192382
192383
192846
192853
192858
192968
192970
193049
193050
193053
193394
193991
194898
195200
197087
200210
201721
202134
202135
202137
202407
202576
203609
203630
203631
203633
203836
203838
203839
203841
205053
205504
205506
206319
206401
206679
206791
206825
206948
210798
212710
213936
215542
225925
225932
226019
226027
226028
226029
226694
232145
234898
235589
235629
235632
235633
235860
235861
243531
244542
244728
244733
244748
248431
248432
255765
264411
264412
264414
265913
265915
267666
273755
316423
326987
336084
383701
396327
396525
410251
422595
435965
448574
450049
450080
469440
499311
531805
560298
560301
560305
560307
567243
574988
648721
648909
648912
697525
700580
700585
700590
707050
707101
711269
735458
738782
739085
739815
741866
743476
745218
745221
747347
747486
747492
752390
757677
760277
761967
762535
763002
764333
765247
771147
785386
785394
785406
785410
785415
787659
833004
833012
833017
833018
833881
834880
836387
836404
836411
836418
836430
836480
836485
836487
836510
837344
837345
837346
837347
837348
838048
838049
838050
838055
838058
838065
840115
840120
840166
840168
840176
840178
840212
840214
840219
840226
840238
840244
840258
840261
840262
850909
862965
862969
862977
862982
862991
862993
862997
863506
863654
864865
897277
897282
898868
903774
904086
904087
904089
905094
905095
905096
905099
905101
905103
905109
905110
905873
906777
906919
906931
918170
918185
918217
938052
949534
949535
949536
949538
950467
950473
950488
952174
952176
952177
952178
952179
952180
952189
952205
952207
954953
954975
955086
955092
955474
966779
975258
977961
984926
1000571
1014214
1022890
1022896
1022899
1022902
1022904
1022909
1022911
1022913
1022915
1022923
1022925
1022930
1022936
1022940
1022943
1022949
1022953
1022963
1083121
1094507
1096190
1096192
1096193
1107084
1136951
1228022
1228023
1228024
1274811
1285040
1339213
1341467
1341468
1341469
1341470
1341471
1341472
1341473
1341474
1341475
1341476
1341477
1350758
1351864
1381724
1418550
1418551
1421751
1485299
1630421
1874564